25 52 164 240 274 328 368 448 538 561 630 687 730 775 825 834 
39 120 124 205 401 581 704 814 825 834 
35 249 674 712 733 759 854 950 
39 422 449 704 825 857 895 937 954 964 
1
2 234 351 550 631 958 
308 346 347 419 435 527 658 665 758 763 793 803 885 914 928 984 
72 164 270 295 327 405 484 529 541 585 783 937 947 
12 126 220 300 411 470 735 794 
44 320 620 687 798 910 
843 883 
73 239 327 469 510 603 684 722 810 932 961 
327 469 722 795 810 
52 429 593 653 661 774 782 918 
41 180 377 474 526 597 746 788 956 
6 132 475 676 692 844 
116 196 224 354 472 624 682 774 775 814 883 966 
120 236 241 350 354 496 567 626 657 704 814 820 829 884 893 982 
345 401 414 453 513 526 571 795 914 
21 57 120 214 266 276 296 303 609 789 895 992 
423 843 998 
64 234 336 384 411 864 885 
448 480 538 743 745 780 782 878 887 
10 18 28 52 100 130 311 357 368 438 735 746 966 
1 48 205 507 533 660 789 939 964 
69 118 183 204 301 362 489 522 622 797 930 
33 35 217 283 346 350 368 515 569 766 
57 937 
57 145 368 494 658 682 937 
96 100 143 294 460 623 722 919 
37 57 68 113 132 145 179 196 265 368 377 411 415 674 688 937 
217 346 437 561 620 885 888 949 
5 27 217 290 300 322 343 419 442 487 694 733 845 855 897 900 921 938 
58 115 190 368 513 606 614 640 694 944 
28 32 145 157 158 274 346 354 583 617 735 742 809 885 
78 85 447 460 529 620 797 825 859 950 
12 39 163 181 419 562 633 792 888 906 992 
12 85 182 229 276 298 390 417 518 529 650 722 988 
400 758 866 895 
198 279 419 428 530 606 673 826 854 
197 236 550 824 911 
154 168 212 242 272 361 436 558 628 775 
17 162 175 217 381 597 711 766 910 944 960 
346 427 571 623 789 795 800 853 
280 342 412 448 523 578 598 733 774 788 878 887 905 928 932 
39 70 145 161 259 299 419 561 684 765 769 819 
27 68 116 120 217 256 412 534 580 608 740 829 892 
12 35 285 550 956 
37 487 577 605 826 860 921 
25 52 192 369 487 638 730 888 935 
18 143 234 242 336 460 481 919 
1 45 125 419 565 576 579 648 665 740 
296 368 448 538 780 829 887 
216 387 409 485 692 789 798 998 
51 93 381 427 684 687 775 812 824 842 
174 325 368 622 692 736 766 867 887 950 
6 15 25 52 132 175 259 335 487 494 630 684 688 706 775 781 834 883 885 928 
55 214 264 427 461 571 572 576 623 795 853 
5 31 125 130 161 192 274 432 487 528 638 805 888 935 
78 216 217 283 346 387 409 427 461 485 515 576 692 789 798 998 
51 114 181 218 368 387 412 481 510 581 795 884 918 
27 58 354 357 480 614 752 
71 210 522 617 885 937 
57 215 216 239 263 368 387 409 485 597 663 692 789 798 800 937 998 
75 120 140 145 159 214 217 266 332 633 829 
31 54 154 210 343 354 470 487 593 694 705 722 819 844 854 855 956 966 
64 95 116 333 334 453 653 658 703 720 846 895 
8 210 406 789 829 858 
6 236 660 682 694 715 720 726 785 
39 90 145 276 339 419 428 769 914 
38 71 252 258 283 477 526 527 766 
120 124 205 349 367 581 606 630 789 834 883 
95 116 154 354 517 600 722 744 
143 145 159 217 460 481 633 919 
33 112 217 283 285 346 387 499 511 515 594 614 720 
18 72 110 111 140 268 351 354 371 401 456 471 510 545 554 606 663 749 782 841 871 886 918 
68 192 520 569 720 722 798 918 
22 25 52 234 276 472 489 730 947 
15 212 335 362 419 487 489 494 672 694 792 883 919 935 
208 290 458 969 
204 205 308 334 424 484 692 703 825 895 
422 449 679 895 897 
39 120 229 283 350 455 476 597 710 752 970 972 
122 132 161 196 224 343 390 471 494 535 606 674 675 678 814 826 871 966 975 
368 494 548 682 694 780 829 844 915 
54 280 381 427 512 662 897 918 
25 45 55 114 177 231 306 309 524 614 692 722 
68 217 334 343 419 522 581 713 722 752 805 
183 298 325 366 368 414 529 598 692 736 782 
10 115 236 316 493 657 766 814 820 829 831 857 937 954 964 982 
10 130 274 283 375 385 432 484 528 721 731 790 885 967 
52 326 348 406 523 634 676 789 912 941 984 
100 349 443 487 510 829 843 885 981 
285 368 377 824 918 956 
1 12 112 227 304 390 514 529 722 800 
70 692 749 765 893 991 
25 32 52 239 285 919 947 
8 71 75 108 242 438 486 684 766 
8 29 78 85 447 460 529 597 614 797 846 859 
75 205 240 262 285 415 470 529 597 944 
69 139 285 438 526 540 608 766 789 790 871 874 895 966 
57 73 217 268 395 472 652 805 844 
35 93 151 362 392 429 460 658 785 
14 160 167 280 598 653 774 887 905 
16 93 349 358 450 464 634 661 720 780 785 944 
1 39 48 145 259 349 419 480 544 578 769 803 881 882 937 956 
173 208 236 290 478 574 684 777 789 887 888 969 
75 95 181 183 295 308 314 487 548 718 758 766 775 831 
95 145 266 349 351 401 634 797 833 
78 140 177 259 369 414 775 781 829 935 
39 132 623 704 795 825 853 
72 120 241 268 351 354 545 567 606 749 841 893 
82 313 406 421 438 629 
69 75 140 175 285 494 598 614 641 723 829 871 
32 239 372 419 448 510 540 581 674 752 802 844 887 922 